250
244 246 11712
246 244 11712
239 240 10616
240 239 10616
238 245 06142
245 238 06142
235 238 07048
238 235 07048
233 240 07634
240 233 07634
232 248 10223
248 232 10223
231 248 10699
248 231 10699
229 249 10098
249 229 10098
228 241 01473
241 228 01473
226 231 07638
231 226 07638
223 242 10184
242 223 10184
223 249 10898
249 223 10898
222 225 09842
225 222 09842
220 247 10309
247 220 10309
219 221 06535
221 219 06535
218 224 05993
224 218 05993
218 227 09192
227 218 09192
217 232 09613
232 217 09613
216 232 08738
232 216 08738
214 219 04104
219 214 04104
214 221 10444
221 214 10444
213 235 09305
235 213 09305
213 238 10707
238 213 10707
212 214 09024
214 212 09024
212 219 08099
219 212 08099
212 221 08320
221 212 08320
212 244 04321
244 212 04321
211 222 06192
222 211 06192
211 225 10649
225 211 10649
210 212 05813
212 210 05813
210 214 07099
214 210 07099
210 219 03728
219 210 03728
210 221 03659
221 210 03659
210 244 10062
244 210 10062
209 211 01269
211 209 01269
209 222 07357
222 209 07357
209 225 11652
225 209 11652
208 226 04662
226 208 04662
208 231 08821
231 208 08821
207 210 03158
210 207 03158
207 212 05667
212 207 05667
207 214 10119
214 207 10119
207 219 06878
219 207 06878
207 221 02902
221 207 02902
207 244 09218
244 207 09218
206 209 11467
209 206 11467
205 207 10606
207 205 10606
205 210 07932
210 205 07932
205 214 07345
214 205 07345
205 219 05157
219 205 05157
205 221 08879
221 205 08879
204 222 09626
222 204 09626
204 225 05003
225 204 05003
204 231 11432
231 204 11432
203 249 04148
249 203 04148
202 204 04207
204 202 04207
202 209 10956
209 202 10956
202 211 09692
211 202 09692
202 222 05440
222 202 05440
202 225 06056
225 202 06056
201 216 11363
216 201 11363
201 217 11118
217 201 11118
201 232 03557
232 201 03557
201 248 06668
248 201 06668
200 203 05651
203 200 05651
200 223 09984
223 200 09984
200 249 06335
249 200 06335
199 237 06767
237 199 06767
198 223 09036
223 198 09036
198 242 03037
242 198 03037
197 230 09937
230 197 09937
196 205 05718
205 196 05718
196 214 08233
214 196 08233
196 219 08903
219 196 08903
195 238 11390
238 195 11390
195 245 09286
245 195 09286
194 220 11551
220 194 11551
193 243 09306
243 193 09306
192 243 07897
243 192 07897
191 202 06216
202 191 06216
191 204 07061
204 191 07061
191 222 09234
222 191 09234
191 225 11446
225 191 11446
191 231 11935
231 191 11935
190 220 04330
220 190 04330
190 247 06680
247 190 06680
189 200 11303
200 189 11303
189 203 05779
203 189 05779
189 220 09403
220 189 09403
189 249 08557
249 189 08557
188 230 05191
230 188 05191
188 233 08575
233 188 08575
188 240 09560
240 188 09560
187 208 06557
208 187 06557
187 226 03660
226 187 03660
187 231 04215
231 187 04215
187 248 11716
248 187 11716
186 189 05775
189 186 05775
186 203 10305
203 186 10305
186 249 11195
249 186 11195
185 201 06956
201 185 06956
185 232 10259
232 185 10259
185 248 02896
248 185 02896
184 188 07566
188 184 07566
184 197 05351
197 184 05351
184 230 04691
230 184 04691
183 215 03017
215 183 03017
182 198 07870
198 182 07870
182 223 08452
223 182 08452
182 242 10811
242 182 10811
181 184 08764
184 181 08764
181 188 10778
188 181 10778
181 196 11674
196 181 11674
181 230 05963
230 181 05963
180 213 03355
213 180 03355
179 193 10256
193 179 10256
179 212 09146
212 179 09146
179 244 07050
244 179 07050
178 236 02867
236 178 02867
177 186 03537
186 177 03537
177 189 03512
189 177 03512
177 203 06820
203 177 06820
177 249 07806
249 177 07806
176 191 02089
191 176 02089
176 202 04299
202 176 04299
176 204 06123
204 176 06123
176 222 07243
222 176 07243
176 225 09939
225 176 09939
175 246 03569
246 175 03569
174 179 09292
179 174 09292
174 192 07813
192 174 07813
174 243 07415
243 174 07415
172 180 08119
180 172 08119
172 197 09121
197 172 09121
172 213 05932
213 172 05932
172 235 07388
235 172 07388
171 172 06889
172 171 06889
171 180 10106
180 171 10106
171 213 06758
213 171 06758
171 235 03106
235 171 03106
171 238 05664
238 171 05664
171 245 11526
245 171 11526
170 182 06422
182 170 06422
170 198 10237
198 170 10237
170 223 03653
223 170 03653
170 229 10924
229 170 10924
170 249 11264
249 170 11264
169 177 08571
177 169 08571
169 186 05624
186 169 05624
169 189 08899
189 169 08899
169 190 09320
190 169 09320
169 220 10104
220 169 10104
168 187 04080
187 168 04080
168 204 11515
204 168 11515
168 208 08885
208 168 08885
168 226 07555
226 168 07555
168 231 00268
231 168 00268
168 248 10481
248 168 10481
167 224 07521
224 167 07521
166 236 09479
236 166 09479
165 171 11685
171 165 11685
165 172 09828
172 165 09828
165 180 01756
180 165 01756
165 191 10673
191 165 10673
165 213 05003
213 165 05003
164 190 07043
190 164 07043
164 194 07229
194 164 07229
164 220 05001
220 164 05001
164 247 09969
247 164 09969
163 202 09825
202 163 09825
163 209 02235
209 163 02235
163 211 01708
211 163 01708
163 222 05489
222 163 05489
163 225 11682
225 163 11682
162 192 09472
192 162 09472
161 169 10571
169 161 10571
161 177 07299
177 161 07299
161 186 06124
186 161 06124
161 189 10748
189 161 10748
161 229 10509
229 161 10509
161 249 11843
249 161 11843
160 168 06839
168 160 06839
160 176 06571
176 160 06571
160 187 10794
187 160 10794
160 191 05410
191 160 05410
160 202 08639
202 160 08639
160 204 06352
204 160 06352
160 225 11314
225 160 11314
160 231 06647
231 160 06647
159 234 05490
234 159 05490
159 239 10493
239 159 10493
158 170 05722
170 158 05722
158 200 07196
200 158 07196
158 203 09121
203 158 09121
158 223 05291
223 158 05291
158 229 09925
229 158 09925
158 249 05734
249 158 05734
157 181 05473
181 157 05473
157 184 04716
184 157 04716
157 188 10501
188 157 10501
157 197 07152
197 157 07152
157 230 05597
230 157 05597
156 196 08377
196 156 08377
156 205 05088
205 156 05088
156 207 07567
207 156 07567
156 210 04409
210 156 04409
156 212 08418
212 156 08418
156 214 03435
214 156 03435
156 219 00745
219 156 00745
156 221 07280
221 156 07280
155 165 05001
165 155 05001
155 171 07487
171 155 07487
155 172 04996
172 155 04996
155 180 03246
180 155 03246
155 197 11679
197 155 11679
155 213 01559
213 155 01559
155 235 09681
235 155 09681
155 238 11940
238 155 11940
154 171 08024
171 154 08024
154 195 11016
195 154 11016
154 235 09296
235 154 09296
154 238 02365
238 154 02365
154 245 04011
245 154 04011
153 228 05583
228 153 05583
153 241 04247
241 153 04247
152 179 10233
179 152 10233
152 207 08799
207 152 08799
152 210 10636
210 152 10636
152 212 05852
212 152 05852
152 221 11655
221 152 11655
152 244 03365
244 152 03365
152 246 09510
246 152 09510
151 168 09264
168 151 09264
151 187 06861
187 151 06861
151 208 00391
208 151 00391
151 226 04792
226 151 04792
151 231 09202
231 151 09202
150 164 09115
164 150 09115
150 169 06638
169 150 06638
150 177 08428
177 150 08428
150 186 08087
186 150 08087
150 189 06046
189 150 06046
150 190 06182
190 150 06182
150 203 11351
203 150 11351
150 220 04158
220 150 04158
149 163 07447
163 149 07447
149 206 10265
206 149 10265
149 209 05363
209 149 05363
149 211 05830
211 149 05830
149 222 11405
222 149 11405
149 225 10995
225 149 10995
148 157 01712
157 148 01712
148 181 05620
181 148 05620
148 184 03398
184 148 03398
148 188 08809
188 148 08809
148 197 07085
197 148 07085
148 230 04043
230 148 04043
147 162 09416
162 147 09416
147 166 11877
166 147 11877
146 218 06252
218 146 06252
146 224 11387
224 146 11387
146 227 04560
227 146 04560
145 146 10595
146 145 10595
144 168 09650
168 144 09650
144 185 03018
185 144 03018
144 187 11380
187 144 11380
144 201 08140
201 144 08140
144 204 11540
204 144 11540
144 231 09846
231 144 09846
144 232 11686
232 144 11686
144 248 01527
248 144 01527
143 152 07831
152 143 07831
143 175 10421
175 143 10421
143 179 08905
179 143 08905
143 193 06865
193 143 06865
143 212 11875
212 143 11875
143 244 07554
244 143 07554
143 246 07590
246 143 07590
142 154 11701
154 142 11701
142 155 04818
155 142 04818
142 165 04797
165 142 04797
142 171 08119
171 142 08119
142 172 09299
172 142 09299
142 180 04124
180 142 04124
142 195 08901
195 142 08901
142 213 03433
213 142 03433
142 235 11123
235 142 11123
142 238 10237
238 142 10237
140 147 04712
147 140 04712
140 162 10969
162 140 10969
139 156 06665
156 139 06665
139 196 04593
196 139 04593
139 205 01814
205 139 01814
139 210 09743
210 139 09743
139 214 08428
214 139 08428
139 219 06833
219 139 06833
139 221 10596
221 139 10596
138 151 11903
151 138 11903
138 188 10136
188 138 10136
138 226 11064
226 138 11064
138 233 09598
233 138 09598
138 239 11352
239 138 11352
138 240 02076
240 138 02076
137 145 11708
145 137 11708
137 146 03524
146 137 03524
137 183 11008
183 137 11008
137 215 11222
215 137 11222
137 218 04325
218 137 04325
137 224 10278
224 137 10278
137 227 07930
227 137 07930
136 159 02310
159 136 02310
136 234 03185
234 136 03185
135 141 06693
141 135 06693
135 181 07362
181 135 07362
135 230 11174
230 135 11174
134 137 10296
137 134 10296
134 145 10314
145 134 10314
134 146 06821
146 134 06821
134 227 03986
227 134 03986
133 166 06778
166 133 06778
132 154 08146
154 132 08146
132 171 07460
171 132 07460
132 235 05508
235 132 05508
132 238 06935
238 132 06935
131 143 05854
143 131 05854
131 179 09728
179 131 09728
131 193 01012
193 131 01012
131 243 10112
243 131 10112
130 194 05825
194 130 05825
130 234 11697
234 130 11697
129 133 07141
133 129 07141
129 147 08531
147 129 08531
129 166 03392
166 129 03392
129 178 11909
178 129 11909
129 236 09707
236 129 09707
128 136 11358
136 128 11358
128 159 09153
159 128 09153
128 173 11948
173 128 11948
128 239 01726
239 128 01726
126 183 08912
183 126 08912
126 215 05899
215 126 05899
125 148 04208
148 125 04208
125 157 02917
157 125 02917
125 172 11220
172 125 11220
125 181 08041
181 125 08041
125 184 05816
184 125 05816
125 197 05633
197 125 05633
125 230 08248
230 125 08248
124 142 06118
142 124 06118
124 155 01487
155 124 01487
124 165 05177
165 124 05177
124 171 08584
171 124 08584
124 172 04713
172 124 04713
124 180 03552
180 124 03552
124 197 10321
197 124 10321
124 213 03033
213 124 03033
124 235 10482
235 124 10482
123 175 07983
175 123 07983
123 246 10306
246 123 10306
122 139 01217
139 122 01217
122 156 05505
156 122 05505
122 196 05144
196 122 05144
122 205 00647
205 122 00647
122 207 11241
207 122 11241
122 210 08536
210 122 08536
122 214 07516
214 122 07516
122 219 05638
219 122 05638
122 221 09525
221 122 09525
121 158 08749
158 121 08749
121 170 03464
170 121 03464
121 182 03939
182 121 03939
121 198 07031
198 121 07031
121 223 04530
223 121 04530
121 242 09371
242 121 09371
120 145 09428
145 120 09428
120 161 09789
161 120 09789
120 229 08292
229 120 08292
119 120 10342
120 119 10342
119 134 04953
134 119 04953
119 137 09676
137 119 09676
119 145 05361
145 119 05361
119 146 07143
146 119 07143
119 227 07465
227 119 07465
118 124 06300
124 118 06300
118 142 11650
142 118 11650
118 151 10687
151 118 10687
118 155 07746
155 118 07746
118 165 08159
165 118 08159
118 172 08663
172 118 08663
118 180 07699
180 118 07699
118 184 11388
184 118 11388
118 197 06902
197 118 06902
118 208 10634
208 118 10634
118 213 09204
213 118 09204
117 140 10873
140 117 10873
117 147 11794
147 117 11794
117 167 09427
167 117 09427
117 178 06290
178 117 06290
117 236 08473
236 117 08473
116 164 04060
164 116 04060
116 190 07925
190 116 07925
116 194 08583
194 116 08583
116 220 08021
220 116 08021
116 247 07638
247 116 07638
115 153 05126
153 115 05126
115 228 08124
228 115 08124
115 241 06730
241 115 06730
114 163 05526
163 114 05526
114 176 08339
176 114 08339
114 191 10158
191 114 10158
114 202 07319
202 114 07319
114 204 11526
204 114 11526
114 209 07685
209 114 07685
114 211 06713
211 114 06713
114 222 02060
222 114 02060
114 225 11896
225 114 11896
113 121 05379
121 113 05379
113 158 09842
158 113 09842
113 170 07229
170 113 07229
113 182 08536
182 113 08536
113 198 05009
198 113 05009
113 223 04665
223 113 04665
113 242 05551
242 113 05551
112 128 09960
128 112 09960
112 136 05632
136 112 05632
112 159 04347
159 112 04347
112 234 08047
234 112 08047
112 239 10722
239 112 10722
110 122 05351
122 110 05351
110 139 06016
139 110 06016
110 156 03963
156 110 03963
110 196 05323
196 110 05323
110 205 05391
205 110 05391
110 207 11522
207 110 11522
110 210 08364
210 110 08364
110 212 11550
212 110 11550
110 214 02920
214 110 02920
110 219 04680
219 110 04680
110 221 11114
221 110 11114
109 126 09332
126 109 09332
109 137 05083
137 109 05083
109 146 08420
146 109 08420
109 183 06517
183 109 06517
109 215 06179
215 109 06179
109 218 07179
218 109 07179
108 110 06803
110 108 06803
108 122 08214
122 108 08214
108 135 11644
135 108 11644
108 139 07724
139 108 07724
108 156 10525
156 108 10525
108 181 10766
181 108 10766
108 196 03132
196 108 03132
108 205 08755
205 108 08755
108 214 09401
214 108 09401
108 219 11157
219 108 11157
107 130 11436
130 107 11436
107 173 08976
173 107 08976
107 200 08254
200 107 08254
107 203 11594
203 107 11594
106 123 11362
123 106 11362
106 131 02227
131 106 02227
106 143 06821
143 106 06821
106 179 11930
179 106 11930
106 193 02119
193 106 02119
106 243 10940
243 106 10940
106 246 11883
246 106 11883
105 106 01034
106 105 01034
105 123 10392
123 105 10392
105 131 03234
131 105 03234
105 143 07217
143 105 07217
105 193 03141
193 105 03141
105 243 11674
243 105 11674
105 246 11604
246 105 11604
104 144 08161
144 104 08161
104 185 07936
185 104 07936
104 201 02597
201 104 02597
104 217 09568
217 104 09568
104 232 04888
232 104 04888
104 248 06640
248 104 06640
103 174 03708
174 103 03708
103 192 04287
192 103 04287
103 243 05731
243 103 05731
102 138 09831
138 102 09831
102 187 09374
187 102 09374
102 226 07775
226 102 07775
102 240 11740
240 102 11740
101 108 05491
108 101 05491
101 110 07783
110 101 07783
101 122 05090
122 101 05090
101 125 10521
125 101 10521
101 139 03983
139 101 03983
101 156 09930
156 101 09930
101 157 10869
157 101 10869
101 181 10336
181 101 10336
101 196 03115
196 101 03115
101 205 05734
205 101 05734
101 214 10662
214 101 10662
101 219 10279
219 101 10279
100 103 06580
103 100 06580
100 133 08099
133 100 08099
100 174 06827
174 100 06827
100 192 07056
192 100 07056
99 129 10765
129 99 10765
99 140 05150
140 99 05150
99 147 03171
147 99 03171
99 162 06455
162 99 06455
98 117 11425
117 98 11425
98 178 05183
178 98 05183
98 236 04433
236 98 04433
97 144 07138
144 97 07138
97 160 08756
160 97 08756
97 168 10904
168 97 10904
97 176 10973
176 97 10973
97 185 07779
185 97 07779
97 191 11562
191 97 11562
97 202 08870
202 97 08870
97 204 04951
204 97 04951
97 225 05664
225 97 05664
97 231 10938
231 97 10938
97 248 08598
248 97 08598
96 199 01569
199 96 01569
96 237 06553
237 96 06553
95 115 09423
115 95 09423
95 153 11710
153 95 11710
95 216 11785
216 95 11785
94 141 08070
141 94 08070
94 198 09053
198 94 09053
94 242 09095
242 94 09095
93 97 07550
97 93 07550
93 144 08371
144 93 08371
93 160 04360
160 93 04360
93 168 03641
168 93 03641
93 176 10570
176 93 10570
93 185 11051
185 93 11051
93 187 07640
187 93 07640
93 191 09704
191 93 09704
93 202 11502
202 93 11502
93 204 07908
204 93 07908
93 226 11188
226 93 11188
93 231 03594
231 93 03594
93 248 09608
248 93 09608
92 122 11702
122 92 11702
92 132 07972
132 92 07972
92 139 11349
139 92 11349
92 171 08961
171 92 08961
92 172 09296
172 92 09296
92 205 11628
205 92 11628
92 235 06040
235 92 06040
91 109 06129
109 91 06129
91 119 09388
119 91 09388
91 134 09544
134 91 09544
91 137 01061
137 91 01061
91 145 11905
145 91 11905
91 146 02723
146 91 02723
91 218 04088
218 91 04088
91 224 09863
224 91 09863
91 227 06960
227 91 06960
90 113 11828
113 90 11828
90 173 06973
173 90 06973
90 233 10517
233 90 10517
90 242 10115
242 90 10115
89 116 06089
116 89 06089
89 127 10682
127 89 10682
89 130 10584
130 89 10584
89 164 07494
164 89 07494
89 194 05110
194 89 05110
88 98 08567
98 88 08567
88 182 09779
182 88 09779
87 111 11190
111 87 11190
87 130 03684
130 87 03684
87 136 10342
136 87 10342
87 194 08273
194 87 08273
87 234 08302
234 87 08302
86 108 11578
108 86 11578
86 135 10345
135 86 10345
86 141 05640
141 86 05640
85 152 10662
152 85 10662
85 175 11147
175 85 11147
85 246 09698
246 85 09698
84 100 09532
100 84 09532
84 103 05747
103 84 05747
84 106 11963
106 84 11963
84 131 10014
131 84 10014
84 174 02770
174 84 02770
84 179 06994
179 84 06994
84 192 10034
192 84 10034
84 193 09844
193 84 09844
84 243 07221
243 84 07221
83 95 11982
95 83 11982
83 104 08511
104 83 08511
83 201 09238
201 83 09238
83 217 03695
217 83 03695
83 232 06812
232 83 06812
82 85 04344
85 82 04344
82 152 06590
152 82 06590
82 175 11914
175 82 11914
82 207 10290
207 82 10290
82 212 10888
212 82 10888
82 244 09913
244 82 09913
82 246 09265
246 82 09265
81 119 08225
119 81 08225
81 134 04508
134 81 04508
81 146 11254
146 81 11254
81 227 07588
227 81 07588
81 229 10166
229 81 10166
80 97 08938
97 80 08938
80 149 09615
149 80 09615
80 202 11386
202 80 11386
80 204 10423
204 80 10423
80 225 05577
225 80 05577
79 84 09700
84 79 09700
79 110 11633
110 79 11633
79 174 10110
174 79 10110
79 179 07431
179 79 07431
79 212 11328
212 79 11328
79 214 09294
214 79 09294
78 112 10817
112 78 10817
78 128 03633
128 78 03633
78 138 09955
138 78 09955
78 159 11389
159 78 11389
78 239 02065
239 78 02065
78 240 09536
240 78 09536
77 78 10966
78 77 10966
77 102 02737
102 77 02737
77 138 07171
138 77 07171
77 151 11765
151 77 11765
77 187 10655
187 77 10655
77 208 11848
208 77 11848
77 226 08175
226 77 08175
77 240 09031
240 77 09031
76 95 07370
95 76 07370
76 115 03658
115 76 03658
76 153 04395
153 76 04395
76 228 09469
228 76 09469
76 241 08004
241 76 08004
75 89 03394
89 75 03394
75 116 02706
116 75 02706
75 164 04846
164 75 04846
75 190 10387
190 75 10387
75 194 06452
194 75 06452
75 220 09669
220 75 09669
75 247 10191
247 75 10191
74 109 10730
109 74 10730
74 126 07749
126 74 07749
74 183 05190
183 74 05190
74 215 04643
215 74 04643
73 120 10775
120 73 10775
73 145 09149
145 73 09149
72 107 11731
107 72 11731
72 150 08210
150 72 08210
72 177 06434
177 72 06434
72 186 09359
186 72 09359
72 189 03706
189 72 03706
72 200 08158
200 72 08158
72 203 03470
203 72 03470
72 220 10329
220 72 10329
72 249 07452
249 72 07452
71 135 10448
135 71 10448
71 148 09121
148 71 09121
71 157 10574
157 71 10574
71 181 08837
181 71 08837
71 184 09326
184 71 09326
71 188 03894
188 71 03894
71 230 05108
230 71 05108
71 233 07728
233 71 07728
71 240 11683
240 71 11683
70 79 01576
79 70 01576
70 84 08129
84 70 08129
70 100 11309
100 70 11309
70 174 08574
174 70 08574
70 179 06528
179 70 06528
70 212 11795
212 70 11795
70 214 10735
214 70 10735
70 244 11957
244 70 11957
69 107 05640
107 69 05640
69 128 11896
128 69 11896
69 173 05282
173 69 05282
68 114 06736
114 68 06736
68 160 10388
160 68 10388
68 165 10769
165 68 10769
68 176 04396
176 68 04396
68 191 04982
191 68 04982
68 202 07329
202 68 07329
68 204 10336
204 68 10336
68 222 06811
222 68 06811
67 83 07338
83 67 07338
67 112 11331
112 67 11331
67 217 04501
217 67 04501
66 149 07561
149 66 07561
66 206 05154
206 66 05154
66 209 11107
209 66 11107
65 71 06843
71 65 06843
65 125 10535
125 65 10535
65 138 11370
138 65 11370
65 148 07162
148 65 07162
65 151 10304
151 65 10304
65 157 08838
157 65 08838
65 181 10922
181 65 10922
65 184 04790
184 65 04790
65 188 03552
188 65 03552
65 197 09301
197 65 09301
65 208 10677
208 65 10677
65 230 05007
230 65 05007
65 240 11415
240 65 11415
64 91 04394
91 64 04394
64 109 06144
109 64 06144
64 119 06813
119 64 06813
64 134 09237
134 64 09237
64 137 03977
137 64 03977
64 145 07791
145 64 07791
64 146 04384
146 64 04384
64 183 09898
183 64 09898
64 215 11174
215 64 11174
64 218 08298
218 64 08298
64 227 08490
227 64 08490
63 96 02231
96 63 02231
63 199 01821
199 63 01821
63 237 04962
237 63 04962
62 71 10901
71 62 10901
62 78 11140
78 62 11140
62 90 08635
90 62 08635
62 128 11744
128 62 11744
62 138 09478
138 62 09478
62 188 11357
188 62 11357
62 233 03192
233 62 03192
62 239 10804
239 62 10804
62 240 07405
240 62 07405
61 87 05163
87 61 05163
61 89 09050
89 61 09050
61 111 06739
111 61 06739
61 130 06867
130 61 06867
61 194 07466
194 61 07466
61 234 10977
234 61 10977
60 63 06637
63 60 06637
60 96 05690
96 60 05690
60 111 08712
111 60 08712
60 199 04868
199 60 04868
60 237 11595
237 60 11595
59 80 06845
80 59 06845
59 97 06442
97 59 06442
59 144 08084
144 59 08084
59 185 06135
185 59 06135
59 204 10796
204 59 10796
59 225 08326
225 59 08326
59 248 08763
248 59 08763
58 68 04795
68 58 04795
58 114 01947
114 58 01947
58 163 07425
163 58 07425
58 176 06845
176 58 06845
58 191 08507
191 58 08507
58 202 06778
202 58 06778
58 204 10891
204 58 10891
58 209 09540
209 58 09540
58 211 08501
211 58 08501
58 222 02759
222 58 02759
57 65 06750
65 57 06750
57 118 08024
118 57 08024
57 125 06349
125 57 06349
57 148 06092
148 57 06092
57 151 10773
151 57 10773
57 157 06773
157 57 06773
57 172 11673
172 57 11673
57 181 11710
181 57 11710
57 184 03368
184 57 03368
57 188 10123
188 57 10123
57 197 02583
197 57 02583
57 208 11002
208 57 11002
57 230 08049
230 57 08049
56 73 05918
73 56 05918
56 119 11916
119 56 11916
56 120 05027
120 56 05027
56 145 08552
145 56 08552
56 161 11851
161 56 11851
55 67 08505
67 55 08505
55 78 08955
78 55 08955
55 112 04590
112 55 04590
55 128 09745
128 55 09745
55 136 10111
136 55 10111
55 159 08414
159 55 08414
55 217 11852
217 55 11852
55 239 09744
239 55 09744
54 99 08037
99 54 08037
54 117 08936
117 54 08936
54 140 02922
140 54 02922
54 147 07003
147 54 07003
53 56 05542
56 53 05542
53 73 10372
73 53 10372
53 81 11179
81 53 11179
53 119 07620
119 53 07620
53 120 02782
120 53 02782
53 134 10851
134 53 10851
53 145 06902
145 53 06902
53 229 09315
229 53 09315
52 77 10533
77 52 10533
52 93 09973
93 52 09973
52 102 10130
102 52 10130
52 151 03422
151 52 03422
52 168 06388
168 52 06388
52 187 03447
187 52 03447
52 208 03135
208 52 03135
52 226 02384
226 52 02384
52 231 06392
231 52 06392
51 70 07990
70 51 07990
51 79 06984
79 51 06984
51 86 10847
86 51 10847
51 110 11491
110 51 11491
51 133 11676
133 51 11676
51 214 10713
214 51 10713
50 59 04226
59 50 04226
50 80 10173
80 50 10173
50 97 10154
97 50 10154
50 104 11784
104 50 11784
50 144 08851
144 50 08851
50 185 05942
185 50 05942
50 201 09673
201 50 09673
50 232 11667
232 50 11667
50 248 08802
248 50 08802
49 59 08296
59 49 08296
49 80 08196
80 49 08196
49 93 08739
93 49 08739
49 97 03121
97 49 03121
49 144 10234
144 49 10234
49 160 08334
160 49 08334
49 176 08610
176 49 08610
49 185 10833
185 49 10833
49 191 09628
191 49 09628
49 202 05875
202 49 05875
49 204 02568
204 49 02568
49 222 10927
222 49 10927
49 225 03314
225 49 03314
49 248 11708
248 49 11708
48 50 09958
50 48 09958
48 83 08782
83 48 08782
48 104 06005
104 48 06005
48 144 11407
144 48 11407
48 185 09500
185 48 09500
48 201 03841
201 48 03841
48 216 07531
216 48 07531
48 217 11710
217 48 11710
48 232 02109
232 48 02109
48 248 10057
248 48 10057
47 64 10444
64 47 10444
47 91 06658
91 47 06658
47 109 07505
109 47 07505
47 137 06569
137 47 06569
47 146 09071
146 47 09071
47 167 11422
167 47 11422
47 218 02914
218 47 02914
47 224 05238
224 47 05238
46 161 07892
161 46 07892
46 169 06854
169 46 06854
46 177 11118
177 46 11118
46 186 07689
186 46 07689
45 48 11127
48 45 11127
45 67 06225
67 45 06225
45 76 11037
76 45 11037
45 83 02906
83 45 02906
45 95 10135
95 45 10135
45 104 11417
104 45 11417
45 217 04535
217 45 04535
45 232 09323
232 45 09323
44 49 02107
49 44 02107
44 59 09573
59 44 09573
44 68 11930
68 44 11930
44 80 10281
80 44 10281
44 93 06793
93 44 06793
44 97 03365
97 44 03365
44 144 09765
144 44 09765
44 160 06268
160 44 06268
44 168 10433
168 44 10433
44 176 07613
176 44 07613
44 185 10945
185 44 10945
44 191 08240
191 44 08240
44 202 05971
202 44 05971
44 204 01774
204 44 01774
44 222 11370
222 44 11370
44 225 05336
225 44 05336
44 231 10384
231 44 10384
44 248 11288
248 44 11288
43 82 08576
82 43 08576
43 152 08933
152 43 08933
43 156 10122
156 43 10122
43 207 02708
207 43 02708
43 210 05763
210 43 05763
43 212 07554
212 43 07554
43 219 09405
219 43 09405
43 221 03765
221 43 03765
43 244 10274
244 43 10274
42 86 09639
86 42 09639
42 101 09688
101 42 09688
42 108 06664
108 42 06664
42 135 05008
135 42 05008
42 141 08880
141 42 08880
42 157 11467
157 42 11467
42 181 06506
181 42 06506
42 196 09113
196 42 09113
41 81 11854
81 41 11854
41 88 06374
88 41 06374
41 121 07816
121 41 07816
41 170 09973
170 41 09973
41 182 03878
182 41 03878
41 198 10323
198 41 10323
40 75 07166
75 40 07166
40 89 10329
89 40 10329
40 116 05100
116 40 05100
40 150 07051
150 40 07051
40 164 03395
164 40 03395
40 190 03649
190 40 03649
40 194 10624
194 40 10624
40 220 03150
220 40 03150
40 247 07741
247 40 07741
39 66 05590
66 39 05590
39 80 10277
80 39 10277
39 149 05382
149 39 05382
39 206 10412
206 39 10412
39 209 10654
209 39 10654
39 211 11209
211 39 11209
38 74 06907
74 38 06907
38 109 09245
109 38 09245
38 126 00845
126 38 00845
38 183 08279
183 38 08279
38 215 05290
215 38 05290
37 76 02674
76 37 02674
37 95 09352
95 37 09352
37 115 01398
115 37 01398
37 153 03846
153 37 03846
37 228 07596
228 37 07596
37 241 06139
241 37 06139
36 41 05329
41 36 05329
36 88 01841
88 36 01841
36 98 08515
98 36 08515
36 182 09055
182 36 09055
35 36 08804
36 35 08804
35 41 10606
41 35 10606
35 88 07142
88 35 07142
35 94 06254
94 35 06254
35 141 11388
141 35 11388
35 198 10645
198 35 10645
34 53 08565
53 34 08565
34 56 04399
56 34 04399
34 73 01812
73 34 01812
34 120 09075
120 34 09075
34 145 07784
145 34 07784
33 58 09102
58 33 09102
33 114 08593
114 33 08593
33 163 10678
163 33 10678
33 222 10644
222 33 10644
32 52 07988
52 32 07988
32 77 11466
77 32 11466
32 93 07410
93 32 07410
32 102 09251
102 32 09251
32 104 10076
104 32 10076
32 144 07333
144 32 07333
32 151 11408
151 32 11408
32 160 11627
160 32 11627
32 168 05434
168 32 05434
32 185 10165
185 32 10165
32 187 04594
187 32 04594
32 201 11801
201 32 11801
32 208 11121
208 32 11121
32 226 07421
226 32 07421
32 231 05700
231 32 05700
32 248 07367
248 32 07367
31 37 09487
37 31 09487
31 115 08730
115 31 08730
31 153 10769
153 31 10769
31 228 07913
228 31 07913
31 241 07871
241 31 07871
30 43 10126
43 30 10126
30 70 10835
70 30 10835
30 79 10818
79 30 10818
30 82 10926
82 30 10926
30 143 08740
143 30 08740
30 152 04565
152 30 04565
30 156 11364
156 30 11364
30 179 06570
179 30 06570
30 207 08708
207 30 08708
30 210 09124
210 30 09124
30 212 03314
212 30 03314
30 214 11280
214 30 11280
30 219 11146
219 30 11146
30 221 11496
221 30 11496
30 244 01475
244 30 01475
29 47 02921
47 29 02921
29 64 10752
64 29 10752
29 91 06429
91 29 06429
29 109 09440
109 29 09440
29 137 06803
137 29 06803
29 146 08191
146 29 08191
29 167 10821
167 29 10821
29 218 02524
218 29 02524
29 224 03477
224 29 03477
29 227 10208
227 29 10208
28 35 10487
35 28 10487
28 41 10902
41 28 10902
28 94 08477
94 28 08477
28 113 05483
113 28 05483
28 121 07801
121 28 07801
28 170 10987
170 28 10987
28 182 08584
182 28 08584
28 198 00775
198 28 00775
28 223 09677
223 28 09677
28 242 02503
242 28 02503
27 62 07419
62 27 07419
27 65 07207
65 27 07207
27 71 05107
71 27 05107
27 138 07814
138 27 07814
27 184 11544
184 27 11544
27 188 03989
188 27 03989
27 230 08817
230 27 08817
27 233 04883
233 27 04883
27 240 06581
240 27 06581
26 55 09933
55 26 09933
26 77 03854
77 26 03854
26 78 09413
78 26 09413
26 102 04190
102 26 04190
26 138 09654
138 26 09654
26 217 11910
217 26 11910
26 226 11644
226 26 11644
26 239 11461
239 26 11461
26 240 11097
240 26 11097
25 60 03405
60 25 03405
25 63 09366
63 25 09366
25 96 08879
96 25 08879
25 111 05309
111 25 05309
25 199 07779
199 25 07779
24 39 07951
39 24 07951
24 66 08457
66 24 08457
24 80 11814
80 24 11814
24 114 10397
114 24 10397
24 149 02915
149 24 02915
24 163 05034
163 24 05034
24 206 09602
206 24 09602
24 209 02802
209 24 02802
24 211 03696
211 24 03696
24 222 09835
222 24 09835
24 225 11996
225 24 11996
23 33 06032
33 23 06032
23 58 07072
58 23 07072
23 68 07437
68 23 07437
23 114 07960
114 23 07960
23 176 11709
176 23 11709
23 195 08090
195 23 08090
23 222 09692
222 23 09692
22 34 03658
34 22 03658
22 53 07033
53 22 07033
22 56 01508
56 22 01508
22 73 04871
73 22 04871
22 120 06464
120 22 06464
22 145 09324
145 22 09324
21 27 01873
27 21 01873
21 62 07424
62 21 07424
21 65 07811
65 21 07811
21 71 03782
71 21 03782
21 138 09594
138 21 09594
21 184 11666
184 21 11666
21 188 04280
188 21 04280
21 230 08276
230 21 08276
21 233 04409
233 21 04409
21 240 08207
240 21 08207
20 40 07068
40 20 07068
20 75 02897
75 20 02897
20 89 05690
89 20 05690
20 116 02095
116 20 02095
20 127 11837
127 20 11837
20 164 06088
164 20 06088
20 190 09529
190 20 09529
20 194 09349
194 20 09349
20 220 10072
220 20 10072
20 247 07725
247 20 07725
19 70 06872
70 19 06872
19 79 08364
79 19 08364
19 84 03540
84 19 03540
19 100 06397
100 19 06397
19 103 05319
103 19 05319
19 174 01925
174 19 01925
19 179 08733
179 19 08733
19 192 09085
192 19 09085
19 243 09323
243 19 09323
18 35 11609
35 18 11609
18 51 11645
51 18 11645
18 86 02813
86 18 02813
18 94 11772
94 18 11772
18 141 06466
141 18 06466
17 41 10519
41 17 10519
17 81 05763
81 17 05763
17 121 09728
121 17 09728
17 134 10171
134 17 10171
17 158 10542
158 17 10542
17 170 07756
170 17 07756
17 182 09423
182 17 09423
17 223 11337
223 17 11337
17 229 06676
229 17 06676
16 54 07406
54 16 07406
16 98 11623
98 16 11623
16 99 10210
99 16 10210
16 117 05134
117 16 05134
16 129 09325
129 16 09325
16 140 07952
140 16 07952
16 147 07171
147 16 07171
16 166 11475
166 16 11475
16 178 06981
178 16 06981
16 236 07388
236 16 07388
15 24 04507
24 15 04507
15 39 09051
39 15 09051
15 49 10519
49 15 10519
15 58 10462
58 15 10462
15 66 11797
66 15 11797
15 80 08217
80 15 08217
15 114 09104
114 15 09104
15 149 04256
149 15 04256
15 163 05589
163 15 05589
15 202 08786
202 15 08786
15 204 11074
204 15 11074
15 209 04580
209 15 04580
15 211 04000
211 15 04000
15 222 07726
222 15 07726
15 225 07498
225 15 07498
14 18 07335
18 14 07335
14 51 09603
51 14 09603
14 86 09145
86 14 09145
14 129 10737
129 14 10737
14 133 06649
133 14 06649
14 166 08096
166 14 08096
13 19 08927
19 13 08927
13 100 02560
100 13 02560
13 103 08741
103 13 08741
13 129 10843
129 13 10843
13 133 06257
133 13 06257
13 162 11602
162 13 11602
13 174 09377
174 13 09377
13 192 08128
192 13 08128
12 28 06032
28 12 06032
12 35 06079
35 12 06079
12 36 08058
36 12 08058
12 41 06364
41 12 06364
12 88 07461
88 12 07461
12 94 08239
94 12 08239
12 113 09906
113 12 09906
12 121 08542
121 12 08542
12 170 11918
170 12 11918
12 182 06361
182 12 06361
12 198 05807
198 12 05807
12 242 08457
242 12 08457
11 30 08689
30 11 08689
11 43 10208
43 11 10208
11 82 03687
82 11 03687
11 85 06928
85 11 06928
11 143 08708
143 11 08708
11 152 04140
152 11 04140
11 175 09935
175 11 09935
11 207 11101
207 11 11101
11 212 09716
212 11 09716
11 244 07397
244 11 07397
11 246 06678
246 11 06678
10 105 11028
105 10 11028
10 106 11976
106 10 11976
10 123 00886
123 10 00886
10 175 07429
175 10 07429
10 246 09977
246 10 09977
9 23 03526
23 9 03526
9 33 08216
33 9 08216
9 58 10398
58 9 10398
9 68 09604
68 9 09604
9 114 11445
114 9 11445
9 142 10955
142 9 10955
9 195 04585
195 9 04585
8 11 04709
11 8 04709
8 30 03985
30 8 03985
8 43 09334
43 8 09334
8 82 07286
82 8 07286
8 85 11331
85 8 11331
8 143 07437
143 8 07437
8 152 00702
152 8 00702
8 179 09533
179 8 09533
8 207 09011
207 8 09011
8 210 10661
210 8 10661
8 212 05604
212 8 05604
8 221 11895
221 8 11895
8 244 02711
244 8 02711
8 246 09709
246 8 09709
7 42 11616
42 7 11616
7 57 06795
57 7 06795
7 65 09235
65 7 09235
7 71 11091
71 7 11091
7 101 10577
101 7 10577
7 125 02442
125 7 02442
7 148 02175
148 7 02175
7 157 00516
157 7 00516
7 181 05778
181 7 05778
7 184 04976
184 7 04976
7 188 10982
188 7 10982
7 197 06984
197 7 06984
7 230 06107
230 7 06107
6 16 04529
16 6 04529
6 54 11235
54 6 11235
6 98 09893
98 6 09893
6 99 11022
99 6 11022
6 117 08821
117 6 08821
6 129 05363
129 6 05363
6 140 10829
140 6 10829
6 147 07924
147 6 07924
6 166 06998
166 6 06998
6 178 07007
178 6 07007
6 236 05556
236 6 05556
5 26 03351
26 5 03351
5 32 11054
32 5 11054
5 55 11131
55 5 11131
5 67 10880
67 5 10880
5 77 05505
77 5 05505
5 102 03834
102 5 03834
5 104 11574
104 5 11574
5 217 09458
217 5 09458
5 226 11433
226 5 11433
4 5 11184
5 4 11184
4 26 08347
26 4 08347
4 55 06425
55 4 06425
4 77 10733
77 4 10733
4 78 02559
78 4 02559
4 112 08751
112 4 08751
4 128 04751
128 4 04751
4 138 11375
138 4 11375
4 159 10114
159 4 10114
4 239 03883
239 4 03883
4 240 11344
240 4 11344
3 37 08512
37 3 08512
3 45 11902
45 3 11902
3 67 09725
67 3 09725
3 76 08069
76 3 08069
3 115 09861
115 3 09861
3 153 04799
153 3 04799
3 228 07635
228 3 07635
3 241 07024
241 3 07024
2 14 08765
14 2 08765
2 18 07425
18 2 07425
2 42 11456
42 2 11456
2 51 05083
51 2 05083
2 79 11759
79 2 11759
2 86 05980
86 2 05980
2 108 09627
108 2 09627
2 110 11746
110 2 11746
2 141 11373
141 2 11373
1 72 06506
72 1 06506
1 107 07484
107 1 07484
1 130 10203
130 1 10203
1 150 10908
150 1 10908
1 164 11039
164 1 11039
1 189 09582
189 1 09582
1 194 11069
194 1 11069
1 200 09550
200 1 09550
1 203 08567
203 1 08567
1 220 10428
220 1 10428
0 15 05719
15 0 05719
0 24 10191
24 0 10191
0 44 06471
44 0 06471
0 49 04849
49 0 04849
0 58 09955
58 0 09955
0 59 10657
59 0 10657
0 68 11816
68 0 11816
0 80 06821
80 0 06821
0 97 07705
97 0 07705
0 114 09610
114 0 09610
0 149 09659
149 0 09659
0 160 11714
160 0 11714
0 163 09368
163 0 09368
0 176 08927
176 0 08927
0 191 10711
191 0 10711
0 202 04678
202 0 04678
0 204 05476
204 0 05476
0 209 09511
209 0 09511
0 211 08438
211 0 08438
0 222 07573
222 0 07573
0 225 02383
225 0 02383
